           1           2   1.3722566800104343     
           2           3   1.3488208703163744     
           3           4   1.4192801664146701     
           4           5   1.4192800618021590     
           1           6   1.3722567272958481     
           5           6   1.3488208882978174     
           1           7   1.0262102166181968     
           2           8   1.0221419891084167     
           3           9   1.0038099171945869     
           5          10   1.0038099896526507     
           6          11   1.0221419177976430     
